 0 0 26.0 51 1 6
 0 0 26.0 51 1 6
 0 2 26.0 51 1 5
 0 0 26.0 51 1 5
 0 0 25.0 51 1 5
 0 0 26.0 51 1 6
 0 0 26.0 52 1 5
 0 0 26.0 52 1 5
 0 0 26.0 52 1 5
 0 2 26.0 52 1 5
 0 2 26.0 51 1 6
 0 0 26.0 51 1 6
 0 0 26.0 51 1 6
 0 0 26.0 51 1 6
 0 0 26.0 51 1 5
 0 0 26.0 51 1 5
 0 0 26.0 51 1 5
 0 0 26.0 52 1 5
 0 0 26.0 52 1 6
 0 0 26.0 51 1 6
 0 0 26.0 51 1 5
 0 0 26.0 50 1 5
 0 0 26.0 50 1 6
 0 0 26.0 50 1 5
 0 0 26.0 50 1 5
 0 0 26.0 50 1 6
 0 0 26.0 50 1 5
 0 0 26.0 51 1 5
 0 0 26.0 51 1 5
 0 0 26.0 50 1 5
 0 0 26.0 50 1 5
 0 0 26.0 51 1 5
 0 0 26.0 51 1 6
 0 0 26.0 51 1 5
 0 0 26.0 51 1 5
 0 0 26.0 51 1 5
 0 0 26.0 51 1 6
 0 0 26.0 51 1 6
 0 0 26.0 51 1 6
 0 0 26.0 52 1 5
 0 0 26.0 52 1 5
 0 0 26.0 53 1 5
 0 0 26.0 53 1 5
 0 0 26.0 53 1 5
 0 0 26.0 53 1 6
 0 0 27.0 52 1 6
 0 0 26.0 53 1 5
 0 0 26.0 52 1 5
 0 0 26.0 52 1 5
 0 0 26.0 53 1 5
 0 0 26.0 53 1 5
 0 0 26.0 53 1 5
 0 0 26.0 53 1 6
 0 0 26.0 53 1 5
 0 0 26.0 53 1 6
 0 0 26.0 53 1 5
 0 0 26.0 53 1 6
 0 0 26.0 53 1 6
 0 2 26.0 53 1 5
 0 0 26.0 53 1 5
 0 0 26.0 53 1 5
 0 0 26.0 53 1 6
 0 2 25.0 53 1 5
 0 0 26.0 53 1 6
 0 0 26.0 53 1 5
 0 0 26.0 53 1 5
 0 0 26.0 53 1 5
 0 0 26.0 53 1 5
 0 0 25.0 53 1 5
 0 0 27.0 55 1 6
 0 2 27.0 55 1 5
 0 0 27.0 55 1 5
 0 0 27.0 56 1 5
 0 0 27.0 56 1 6
 0 0 28.0 57 1 5
 0 0 27.0 57 1 5
 0 0 27.0 56 1 5
 0 0 27.0 55 1 5
 0 0 28.0 55 1 6
 0 0 28.0 55 1 5
 0 0 27.0 56 1 5
 0 0 27.0 55 1 6
 0 0 27.0 55 1 6
 0 0 27.0 54 1 5
 0 0 27.0 54 1 5
 0 0 27.0 54 1 5
 0 0 27.0 54 1 6
 0 0 27.0 54 1 5
 0 2 27.0 56 1 5
 0 0 28.0 55 1 5
 0 0 28.0 54 1 5
 0 2 27.0 54 1 6
 0 0 27.0 54 1 5
 0 0 27.0 54 1 5
 0 0 28.0 55 1 5
 0 0 28.0 55 1 5
 0 0 28.0 54 1 6
 0 0 28.0 54 1 6
 0 0 29.0 54 1 6
 0 0 29.0 54 1 6
 0 0 29.0 54 1 5
 0 0 29.0 54 1 6
 0 0 30.0 53 1 5
 0 0 30.0 53 1 6
 0 0 30.0 52 1 5
 0 0 30.0 52 1 6
 0 0 30.0 52 1 5
 0 0 30.0 52 1 5
 0 0 30.0 52 1 5
 0 0 30.0 52 1 5
 0 0 30.0 52 1 6
 0 0 31.0 52 1 5
 0 0 31.0 52 1 5
 0 0 31.0 52 1 6
 0 0 31.0 52 1 6
 0 0 31.0 52 1 5
 0 0 31.0 52 1 5
 0 0 31.0 52 1 6
 0 0 31.0 52 1 5
 0 0 31.0 52 1 5
 0 2 31.0 52 1 5
 0 0 31.0 52 1 5
 0 0 31.0 52 1 6
 0 0 31.0 52 1 5
 0 0 31.0 52 1 5
 0 0 31.0 51 1 5
 0 0 31.0 51 1 5
 0 0 31.0 50 1 5
 0 0 30.0 51 1 5
 0 0 31.0 52 1 5
 0 0 31.0 52 1 6
 0 2 31.0 52 1 6
 0 0 31.0 52 1 5
 0 2 31.0 52 1 6
 0 0 31.0 52 1 5
 0 0 31.0 51 1 5
 0 0 31.0 52 1 5
 0 0 30.0 51 1 5
 0 0 30.0 51 1 6
 0 0 30.0 50 1 5
 0 0 30.0 50 1 5
 0 0 29.0 51 1 5
 0 0 29.0 51 1 6
 0 0 29.0 52 1 5
 0 0 29.0 52 1 5
 0 0 28.0 52 1 5
 0 0 28.0 52 1 5
 0 0 28.0 52 1 5
 0 0 28.0 52 1 6
 0 0 28.0 53 1 6
 0 0 28.0 53 1 5
 0 0 28.0 53 1 5
 0 2 28.0 53 1 6
 0 0 27.0 53 1 6
 0 0 27.0 53 1 5
 0 0 27.0 53 1 5
 0 0 27.0 53 1 5
 0 0 27.0 53 1 6
 0 0 27.0 53 1 5
